% These are outputs from check_neuralynx_validsamples:
%   [n_invalid_samples len_invalid_sec len_recording_sec]

IR67 = [
    96        0.0030    2353.6480 
288       0.0090    8879.2000 
    21821     0.6819    1751.9200 ];    %wasn't able to check ~3
IR69 = [46304     5.7880    1918.6560]; %wasn't able to check a bunch
IR75 = []; %wasn't able to check...
IR82 = []; % wasn't able to check a good few
IR84 = [...
593       0.0741    3024.9600 
3089      0.3861    2789.6960 
3364      0.4205    2587.6480 
3186      0.3982    2118.7840 
283       0.0354    895.6160
802       0.1003    3325.2480 
17        0.0021    1768.0000 
1438      0.1797    2556.4800];

IR85 = [...
2193      0.2741    3296.0000;... 
1619      0.2024    1954.6240;...
10732     1.3415    2126.2720];
IR86 = [];
IR87 = [...
594       0.0743    4226.4960;...
1130      0.1412    2975.0400;...
13639     1.7049    7671.1040;...
726       0.0907    2168.4480;...
5722      0.7153    1578.1120;...
3708      0.4635    6942.7200;...
28131     3.5164    5912.5120;...
3749      0.4686    2701.1200];